# ISBN hyphenation ranges — generated by scripts/update_isbn_ranges.exs, do not
# hand-edit. Source: International ISBN Agency RangeMessage (https://www.isbn-international.org/export_rangemessage.xml),
# message date: Wed, 22 Jul 2026 12:35:16 BST.
#
# One rule per line: <prefix> <low> <high> <length>. The prefix is either an
# EAN.UCC prefix ("978") whose rules give the registration group length, or a
# group ("978-3") whose rules give the registrant length. Low/high bound the
# seven digits following the prefix; a length of 0 marks an unassigned range.
978 0000000 5999999 1
978 6000000 6499999 3
978 6500000 6599999 2
978 6600000 6699999 2
978 6700000 6998999 0
978 6999000 6999999 5
978 7000000 7999999 1
978 8000000 9499999 2
978 9500000 9899999 3
978 9900000 9989999 4
978 9990000 9999999 5
979 0000000 0999999 0
979 1000000 1599999 2
979 1600000 7999999 0
979 8000000 8999999 1
979 9000000 9999999 0
978-0 0000000 1999999 2
978-0 2000000 2279999 3
978-0 2280000 2289999 4
978-0 2290000 3689999 3
978-0 3690000 3699999 4
978-0 3700000 6389999 3
978-0 6390000 6397999 4
978-0 6398000 6399999 7
978-0 6400000 6449999 3
978-0 6450000 6459999 7
978-0 6460000 6479999 3
978-0 6480000 6489999 7
978-0 6490000 6549999 3
978-0 6550000 6559999 4
978-0 6560000 6999999 3
978-0 7000000 8499999 4
978-0 8500000 8999999 5
978-0 9000000 9003709 6
978-0 9003710 9003719 7
978-0 9003720 9499999 6
978-0 9500000 9999999 7
978-1 0000000 0099999 3
978-1 0100000 0299999 2
978-1 0300000 0349999 3
978-1 0350000 0399999 4
978-1 0400000 0459999 3
978-1 0460000 0469999 4
978-1 0470000 0479999 3
978-1 0480000 0499999 4
978-1 0500000 0599999 2
978-1 0600000 0664999 0
978-1 0665000 0665749 7
978-1 0665750 0665999 7
978-1 0666000 0669999 7
978-1 0670000 0699999 7
978-1 0700000 0999999 4
978-1 1000000 3979999 3
978-1 3980000 5499999 4
978-1 5500000 6499999 5
978-1 6500000 6799999 4
978-1 6800000 6859999 5
978-1 6860000 7139999 4
978-1 7140000 7169999 3
978-1 7170000 7319999 4
978-1 7320000 7399999 7
978-1 7400000 7619999 5
978-1 7620000 7634999 4
978-1 7635000 7649999 7
978-1 7650000 7749999 5
978-1 7750000 7753999 7
978-1 7754000 7763999 5
978-1 7764000 7764999 7
978-1 7765000 7769999 5
978-1 7770000 7782999 7
978-1 7783000 7899999 5
978-1 7900000 7999999 4
978-1 8000000 8004999 5
978-1 8005000 8049999 5
978-1 8050000 8379999 5
978-1 8380000 8384999 7
978-1 8385000 8671999 5
978-1 8672000 8675999 4
978-1 8676000 8697999 5
978-1 8698000 9159999 6
978-1 9160000 9165059 7
978-1 9165060 9168699 6
978-1 9168700 9169079 7
978-1 9169080 9191639 6
978-1 9191640 9195649 7
978-1 9195650 9195999 6
978-1 9196000 9196549 7
978-1 9196550 9729999 6
978-1 9730000 9877999 4
978-1 9878000 9911499 6
978-1 9911500 9911999 7
978-1 9912000 9989899 6
978-1 9989900 9999999 7
978-2 0000000 1999999 2
978-2 2000000 3499999 3
978-2 3500000 3999999 5
978-2 4000000 4869999 3
978-2 4870000 4949999 6
978-2 4950000 4959999 3
978-2 4960000 4966999 4
978-2 4967000 4969999 5
978-2 4970000 5279999 3
978-2 5280000 5299999 4
978-2 5300000 6999999 3
978-2 7000000 8399999 4
978-2 8400000 8999999 5
978-2 9000000 9197999 6
978-2 9198000 9198099 5
978-2 9198100 9199429 6
978-2 9199430 9199689 7
978-2 9199690 9499999 6
978-2 9500000 9999999 7
978-3 0000000 0299999 2
978-3 0300000 0339999 3
978-3 0340000 0369999 4
978-3 0370000 0399999 5
978-3 0400000 1999999 2
978-3 2000000 3129999 3
978-3 3130000 3139999 4
978-3 3140000 3899999 3
978-3 3900000 3999999 2
978-3 4000000 6889999 3
978-3 6890000 6949999 5
978-3 6950000 8499999 4
978-3 8500000 8999999 5
978-3 9000000 9499999 6
978-3 9500000 9539999 7
978-3 9540000 9699999 5
978-3 9700000 9849999 7
978-3 9850000 9995999 5
978-3 9996000 9999999 4
978-4 0000000 1999999 2
978-4 2000000 6999999 3
978-4 7000000 8499999 4
978-4 8500000 8999999 5
978-4 9000000 9499999 6
978-4 9500000 9999999 7
978-5 0000000 0049999 5
978-5 0050000 0099999 4
978-5 0100000 1999999 2
978-5 2000000 3619999 3
978-5 3620000 3623999 4
978-5 3624000 3629999 5
978-5 3630000 4209999 3
978-5 4210000 4299999 4
978-5 4300000 4309999 3
978-5 4310000 4399999 4
978-5 4400000 4409999 3
978-5 4410000 4499999 4
978-5 4500000 6029999 3
978-5 6030000 6049999 7
978-5 6050000 6999999 3
978-5 7000000 8499999 4
978-5 8500000 8999999 5
978-5 9000000 9099999 6
978-5 9100000 9199999 5
978-5 9200000 9299999 4
978-5 9300000 9499999 5
978-5 9500000 9500999 7
978-5 9501000 9799999 4
978-5 9800000 9899999 5
978-5 9900000 9909999 7
978-5 9910000 9999999 4
978-600 0000000 0999999 2
978-600 1000000 4999999 3
978-600 5000000 8999999 4
978-600 9000000 9867999 5
978-600 9868000 9929999 4
978-600 9930000 9959999 3
978-600 9960000 9999999 5
978-601 0000000 1999999 2
978-601 2000000 6999999 3
978-601 7000000 7999999 4
978-601 8000000 8499999 5
978-601 8500000 9999999 2
978-602 0000000 0699999 2
978-602 0700000 1399999 4
978-602 1400000 1499999 5
978-602 1500000 1699999 4
978-602 1700000 1999999 5
978-602 2000000 4999999 3
978-602 5000000 5399999 5
978-602 5400000 5999999 4
978-602 6000000 6199999 5
978-602 6200000 6999999 4
978-602 7000000 7499999 5
978-602 7500000 9499999 4
978-602 9500000 9999999 5
978-603 0000000 0499999 2
978-603 0500000 4999999 2
978-603 5000000 7999999 3
978-603 8000000 8999999 4
978-603 9000000 9999999 5
978-604 0000000 2999999 1
978-604 3000000 3999999 3
978-604 4000000 4699999 2
978-604 4700000 4979999 3
978-604 4980000 4999999 4
978-604 5000000 8999999 2
978-604 9000000 9799999 3
978-604 9800000 9999999 4
978-605 0000000 0299999 2
978-605 0300000 0399999 3
978-605 0400000 0599999 2
978-605 0600000 0699999 5
978-605 0700000 0999999 2
978-605 1000000 1999999 3
978-605 2000000 2399999 4
978-605 2400000 3999999 3
978-605 4000000 5999999 4
978-605 6000000 7499999 5
978-605 7500000 7999999 4
978-605 8000000 8999999 5
978-605 9000000 9999999 4
978-606 0000000 0999999 3
978-606 1000000 4999999 2
978-606 5000000 7999999 3
978-606 8000000 9099999 4
978-606 9100000 9199999 3
978-606 9200000 9599999 5
978-606 9600000 9749999 4
978-606 9750000 9999999 3
978-607 0000000 2599999 2
978-607 2600000 2649999 4
978-607 2650000 2699999 5
978-607 2700000 3999999 2
978-607 4000000 5889999 3
978-607 5890000 5929999 4
978-607 5930000 5999999 5
978-607 6000000 6919999 3
978-607 6920000 6999999 5
978-607 7000000 7499999 3
978-607 7500000 9499999 4
978-607 9500000 9999999 5
978-608 0000000 0999999 1
978-608 1000000 1999999 2
978-608 2000000 4499999 3
978-608 4500000 6499999 4
978-608 6500000 6999999 5
978-608 7000000 9999999 1
978-609 0000000 3999999 2
978-609 4000000 7999999 3
978-609 8000000 9499999 4
978-609 9500000 9999999 5
978-611 0000000 9999999 0
978-612 0000000 2999999 2
978-612 3000000 3999999 3
978-612 4000000 4499999 4
978-612 4500000 4999999 5
978-612 5000000 5299999 4
978-612 5300000 9899999 0
978-612 9900000 9999999 5
978-613 0000000 9999999 1
978-614 0000000 3999999 2
978-614 4000000 7999999 3
978-614 8000000 9499999 4
978-614 9500000 9999999 5
978-615 0000000 0999999 2
978-615 1000000 4999999 3
978-615 5000000 7999999 4
978-615 8000000 8999999 5
978-615 9000000 9999999 0
978-616 0000000 1999999 2
978-616 2000000 6999999 3
978-616 7000000 8999999 4
978-616 9000000 9999999 5
978-617 0000000 4999999 2
978-617 5000000 6999999 3
978-617 7000000 8999999 4
978-617 9000000 9999999 5
978-618 0000000 1999999 2
978-618 2000000 4999999 3
978-618 5000000 7999999 4
978-618 8000000 9999999 5
978-619 0000000 1499999 2
978-619 1500000 6999999 3
978-619 7000000 8999999 4
978-619 9000000 9999999 5
978-620 0000000 9999999 1
978-621 0000000 2999999 2
978-621 3000000 3999999 0
978-621 4000000 5999999 3
978-621 6000000 7999999 0
978-621 8000000 8999999 4
978-621 9000000 9499999 0
978-621 9500000 9999999 5
978-622 0000000 1099999 2
978-622 1100000 1299999 3
978-622 1300000 1799999 4
978-622 1800000 1829999 3
978-622 1830000 1899999 4
978-622 1900000 1949999 3
978-622 1950000 1999999 5
978-622 2000000 4599999 3
978-622 4600000 8749999 4
978-622 8750000 9999999 5
978-623 0000000 1099999 2
978-623 1100000 5249999 3
978-623 5250000 8799999 4
978-623 8800000 9999999 5
978-624 0000000 0499999 2
978-624 0500000 1999999 0
978-624 2000000 2499999 3
978-624 2500000 4849999 0
978-624 4850000 6899999 4
978-624 6900000 9099999 0
978-624 9100000 9999999 5
978-625 0000000 0199999 2
978-625 0200000 3199999 0
978-625 3200000 4429999 3
978-625 4430000 4449999 5
978-625 4450000 4499999 3
978-625 4500000 5499999 0
978-625 5500000 7793999 4
978-625 7794000 7794999 5
978-625 7795000 8999999 4
978-625 9000000 9999999 5
978-626 0000000 0499999 2
978-626 0500000 2999999 0
978-626 3000000 4999999 3
978-626 5000000 6499999 0
978-626 6500000 7999999 4
978-626 8000000 9249999 0
978-626 9250000 9999999 5
978-627 0000000 2799999 0
978-627 2800000 3199999 2
978-627 3200000 4999999 0
978-627 5000000 5349999 3
978-627 5350000 7399999 0
978-627 7400000 7999999 4
978-627 8000000 9449999 0
978-627 9450000 9514999 5
978-627 9515000 9999999 0
978-628 0000000 0999999 2
978-628 1000000 4999999 0
978-628 5000000 5499999 3
978-628 5500000 7499999 0
978-628 7500000 8499999 4
978-628 8500000 9499999 0
978-628 9500000 9999999 5
978-629 0000000 0299999 2
978-629 0300000 4549999 0
978-629 4550000 4999999 3
978-629 5000000 7499999 0
978-629 7500000 7999999 4
978-629 8000000 9199999 0
978-629 9200000 9999999 5
978-630 0000000 2999999 0
978-630 3000000 3999999 3
978-630 4000000 6499999 0
978-630 6500000 6849999 4
978-630 6850000 9499999 0
978-630 9500000 9999999 5
978-631 0000000 0999999 2
978-631 1000000 2999999 0
978-631 3000000 3999999 3
978-631 4000000 6499999 0
978-631 6500000 7499999 4
978-631 7500000 8999999 0
978-631 9000000 9999999 5
978-632 0000000 1199999 2
978-632 1200000 5999999 0
978-632 6000000 6799999 3
978-632 6800000 9999999 0
978-633 0000000 0199999 2
978-633 0200000 2999999 0
978-633 3000000 3499999 3
978-633 3500000 8249999 0
978-633 8250000 8999999 4
978-633 9000000 9949999 0
978-633 9950000 9999999 5
978-634 0000000 0599999 2
978-634 0600000 1999999 0
978-634 2000000 3499999 3
978-634 3500000 6999999 0
978-634 7000000 7999999 4
978-634 8000000 9599999 0
978-634 9600000 9999999 5
978-65 0000000 0299999 2
978-65 0300000 2499999 0
978-65 2500000 2999999 3
978-65 3000000 3029999 3
978-65 3030000 4999999 0
978-65 5000000 6349999 4
978-65 6350000 7999999 0
978-65 8000000 8182499 5
978-65 8182500 8199999 0
978-65 8200000 8999999 5
978-65 9000000 9024499 6
978-65 9024500 9754999 0
978-65 9755000 9999999 6
978-66 0000000 2999999 0
978-66 3000000 3099999 2
978-66 3100000 9999999 0
978-69990 0000000 4999999 0
978-69990 5000000 5099999 2
978-69990 5100000 9939999 0
978-69990 9940000 9999999 3
978-7 0000000 0999999 2
978-7 1000000 4999999 3
978-7 5000000 7999999 4
978-7 8000000 8999999 5
978-7 9000000 9999999 6
978-80 0000000 1999999 2
978-80 2000000 5299999 3
978-80 5300000 5499999 5
978-80 5500000 6899999 3
978-80 6900000 6999999 5
978-80 7000000 8499999 4
978-80 8500000 8999999 5
978-80 9000000 9989999 6
978-80 9990000 9999999 5
978-81 0000000 1899999 2
978-81 1900000 1999999 5
978-81 2000000 6699999 3
978-81 6700000 6799999 4
978-81 6800000 6849999 5
978-81 6850000 6899999 6
978-81 6900000 6999999 5
978-81 7000000 8499999 4
978-81 8500000 8999999 5
978-81 9000000 9999999 6
978-82 0000000 1999999 2
978-82 2000000 6899999 3
978-82 6900000 6999999 6
978-82 7000000 8999999 4
978-82 9000000 9899999 5
978-82 9900000 9999999 6
978-83 0000000 1999999 2
978-83 2000000 5999999 3
978-83 6000000 6999999 5
978-83 7000000 8499999 4
978-83 8500000 8999999 5
978-83 9000000 9999999 6
978-84 0000000 0999999 2
978-84 1000000 1049999 5
978-84 1050000 1199999 4
978-84 1200000 1299999 6
978-84 1300000 1399999 4
978-84 1400000 1499999 3
978-84 1500000 1999999 5
978-84 2000000 6999999 3
978-84 7000000 8499999 4
978-84 8500000 8999999 5
978-84 9000000 9199999 4
978-84 9200000 9239999 6
978-84 9240000 9299999 5
978-84 9300000 9499999 6
978-84 9500000 9699999 5
978-84 9700000 9999999 4
978-85 0000000 1999999 2
978-85 2000000 4549999 3
978-85 4550000 4552999 6
978-85 4553000 4559999 5
978-85 4560000 5289999 3
978-85 5290000 5319999 5
978-85 5320000 5339999 4
978-85 5340000 5399999 3
978-85 5400000 5402999 5
978-85 5403000 5403999 5
978-85 5404000 5404999 6
978-85 5405000 5408999 5
978-85 5409000 5409999 6
978-85 5410000 5439999 5
978-85 5440000 5479999 4
978-85 5480000 5499999 5
978-85 5500000 5999999 4
978-85 6000000 6999999 5
978-85 7000000 8499999 4
978-85 8500000 8999999 5
978-85 9000000 9249999 6
978-85 9250000 9449999 5
978-85 9450000 9599999 4
978-85 9600000 9799999 2
978-85 9800000 9999999 5
978-86 0000000 2999999 2
978-86 3000000 5999999 3
978-86 6000000 7999999 4
978-86 8000000 8999999 5
978-86 9000000 9999999 6
978-87 0000000 2999999 2
978-87 3000000 3999999 0
978-87 4000000 6499999 3
978-87 6500000 6999999 0
978-87 7000000 7999999 4
978-87 8000000 8499999 0
978-87 8500000 9499999 5
978-87 9500000 9699999 0
978-87 9700000 9999999 6
978-88 0000000 1999999 2
978-88 2000000 3119999 3
978-88 3120000 3149999 5
978-88 3150000 3189999 3
978-88 3190000 3229999 5
978-88 3230000 3269999 3
978-88 3270000 3389999 4
978-88 3390000 3609999 3
978-88 3610000 3629999 4
978-88 3630000 5489999 3
978-88 5490000 5549999 4
978-88 5550000 5999999 3
978-88 6000000 8499999 4
978-88 8500000 8999999 5
978-88 9000000 9099999 6
978-88 9100000 9269999 3
978-88 9270000 9399999 4
978-88 9400000 9479999 6
978-88 9480000 9999999 5
978-89 0000000 2499999 2
978-89 2500000 5499999 3
978-89 5500000 8499999 4
978-89 8500000 9499999 5
978-89 9500000 9699999 6
978-89 9700000 9899999 5
978-89 9900000 9999999 3
978-90 0000000 1999999 2
978-90 2000000 4999999 3
978-90 5000000 6999999 4
978-90 7000000 7999999 5
978-90 8000000 8499999 6
978-90 8500000 8999999 4
978-90 9000000 9099999 2
978-90 9100000 9399999 0
978-90 9400000 9499999 2
978-90 9500000 9999999 0
978-91 0000000 1999999 1
978-91 2000000 4999999 2
978-91 5000000 6499999 3
978-91 6500000 6849999 0
978-91 6850000 8199999 4
978-91 8200000 8499999 0
978-91 8500000 9499999 5
978-91 9500000 9699999 0
978-91 9700000 9999999 6
978-92 0000000 5999999 1
978-92 6000000 7999999 2
978-92 8000000 8999999 3
978-92 9000000 9499999 4
978-92 9500000 9899999 5
978-92 9900000 9999999 6
978-93 0000000 0899999 2
978-93 0900000 0999999 4
978-93 1000000 4699999 3
978-93 4700000 4799999 5
978-93 4800000 4999999 5
978-93 5000000 7999999 4
978-93 8000000 9599999 5
978-93 9600000 9999999 6
978-94 0000000 5999999 3
978-94 6000000 6387999 4
978-94 6388000 6388099 6
978-94 6388100 6388199 5
978-94 6388200 6388399 6
978-94 6388400 6388599 5
978-94 6388600 6388699 6
978-94 6388700 6388999 5
978-94 6389000 6395999 4
978-94 6396000 6396099 6
978-94 6396100 6396299 5
978-94 6396300 6396399 6
978-94 6396400 6396499 5
978-94 6396500 6396599 6
978-94 6396600 6396999 5
978-94 6397000 6399999 4
978-94 6400000 6400099 6
978-94 6400100 6400499 5
978-94 6400500 6400599 6
978-94 6400600 6400699 5
978-94 6400700 6400899 6
978-94 6400900 6400999 5
978-94 6401000 6406999 4
978-94 6407000 6407399 6
978-94 6407400 6407499 5
978-94 6407500 6407599 6
978-94 6407600 6407799 5
978-94 6407800 6407999 6
978-94 6408000 6419999 4
978-94 6420000 6420199 5
978-94 6420200 6420299 6
978-94 6420300 6420399 5
978-94 6420400 6420499 6
978-94 6420500 6420699 5
978-94 6420700 6420799 6
978-94 6420800 6420899 5
978-94 6420900 6420999 6
978-94 6421000 6432999 4
978-94 6433000 6433199 5
978-94 6433200 6433299 6
978-94 6433300 6433399 5
978-94 6433400 6433599 6
978-94 6433600 6433699 5
978-94 6433700 6433799 6
978-94 6433800 6433999 5
978-94 6434000 6435999 4
978-94 6436000 6436099 6
978-94 6436100 6436399 5
978-94 6436400 6436599 6
978-94 6436600 6436699 5
978-94 6436700 6436799 6
978-94 6436800 6436999 5
978-94 6437000 6443999 4
978-94 6444000 6444099 6
978-94 6444100 6444199 5
978-94 6444200 6444299 6
978-94 6444300 6444399 5
978-94 6444400 6444499 6
978-94 6444500 6444699 5
978-94 6444700 6444899 6
978-94 6444900 6444999 5
978-94 6445000 6450999 4
978-94 6451000 6451299 5
978-94 6451300 6451399 6
978-94 6451400 6451599 5
978-94 6451600 6451999 6
978-94 6452000 6458999 4
978-94 6459000 6459099 6
978-94 6459100 6459299 5
978-94 6459300 6459499 6
978-94 6459500 6459699 5
978-94 6459700 6459899 6
978-94 6459900 6459999 5
978-94 6460000 6465999 4
978-94 6466000 6466099 6
978-94 6466100 6466299 5
978-94 6466300 6466599 6
978-94 6466600 6466699 5
978-94 6466700 6466899 6
978-94 6466900 6466999 5
978-94 6467000 6474999 4
978-94 6475000 6475199 5
978-94 6475200 6475399 6
978-94 6475400 6475499 5
978-94 6475500 6475599 6
978-94 6475600 6475799 5
978-94 6475800 6475899 6
978-94 6475900 6475999 5
978-94 6476000 6476999 4
978-94 6477000 6477089 6
978-94 6477090 6477099 0
978-94 6477100 6477199 5
978-94 6477200 6477229 0
978-94 6477230 6477299 6
978-94 6477300 6477399 5
978-94 6477400 6477699 6
978-94 6477700 6477999 5
978-94 6478000 6478099 6
978-94 6478100 6478199 5
978-94 6478200 6478299 6
978-94 6478300 6478699 5
978-94 6478700 6478799 6
978-94 6478800 6478999 5
978-94 6479000 6493999 4
978-94 6494000 6494099 6
978-94 6494100 6494299 5
978-94 6494300 6494499 6
978-94 6494500 6494699 5
978-94 6494700 6494799 6
978-94 6494800 6494899 5
978-94 6494900 6494999 6
978-94 6495000 6497999 4
978-94 6498000 6498099 5
978-94 6498100 6498299 6
978-94 6498300 6498499 5
978-94 6498500 6498699 6
978-94 6498700 6498799 5
978-94 6498800 6498999 6
978-94 6499000 8999999 4
978-94 9000000 9999999 5
978-950 0000000 4999999 2
978-950 5000000 8999999 3
978-950 9000000 9899999 4
978-950 9900000 9999999 5
978-951 0000000 1999999 1
978-951 2000000 5499999 2
978-951 5500000 8899999 3
978-951 8900000 9499999 4
978-951 9500000 9999999 5
978-952 0000000 1799999 2
978-952 1800000 1899999 3
978-952 1900000 1949999 0
978-952 1950000 1999999 5
978-952 2000000 4999999 3
978-952 5000000 5999999 4
978-952 6000000 6499999 2
978-952 6500000 6599999 5
978-952 6600000 6699999 4
978-952 6700000 6999999 5
978-952 7000000 7999999 4
978-952 8000000 9499999 2
978-952 9500000 9899999 4
978-952 9900000 9999999 5
978-953 0000000 0999999 1
978-953 1000000 1499999 2
978-953 1500000 4599999 3
978-953 4600000 4999999 5
978-953 5000000 5009999 3
978-953 5010000 5099999 5
978-953 5100000 5499999 2
978-953 5500000 5999999 5
978-953 6000000 9499999 4
978-953 9500000 9999999 5
978-954 0000000 2899999 2
978-954 2900000 2999999 4
978-954 3000000 7999999 3
978-954 8000000 8999999 4
978-954 9000000 9299999 5
978-954 9300000 9999999 4
978-955 0000000 1999999 4
978-955 2000000 3399999 2
978-955 3400000 3549999 4
978-955 3550000 3599999 5
978-955 3600000 3799999 4
978-955 3800000 3899999 5
978-955 3900000 4099999 4
978-955 4100000 4499999 5
978-955 4500000 4999999 4
978-955 5000000 5499999 5
978-955 5500000 7109999 3
978-955 7110000 7149999 5
978-955 7150000 9499999 4
978-955 9500000 9999999 5
978-956 0000000 0799999 2
978-956 0800000 0849999 5
978-956 0850000 0899999 0
978-956 0900000 0999999 5
978-956 1000000 1999999 2
978-956 2000000 5999999 3
978-956 6000000 6999999 4
978-956 7000000 9999999 4
978-957 0000000 0299999 2
978-957 0300000 0499999 4
978-957 0500000 1999999 2
978-957 2000000 2099999 4
978-957 2100000 2799999 2
978-957 2800000 3099999 5
978-957 3100000 4399999 2
978-957 4400000 8199999 3
978-957 8200000 9699999 4
978-957 9700000 9999999 5
978-958 0000000 4999999 2
978-958 5000000 5099999 3
978-958 5100000 5199999 4
978-958 5200000 5399999 5
978-958 5400000 5599999 4
978-958 5600000 5999999 5
978-958 6000000 7999999 3
978-958 8000000 9499999 4
978-958 9500000 9999999 5
978-959 0000000 1999999 2
978-959 2000000 6999999 3
978-959 7000000 8499999 4
978-959 8500000 9999999 5
978-960 0000000 1999999 2
978-960 2000000 6599999 3
978-960 6600000 6899999 4
978-960 6900000 6999999 3
978-960 7000000 8499999 4
978-960 8500000 9299999 5
978-960 9300000 9399999 2
978-960 9400000 9799999 4
978-960 9800000 9999999 5
978-961 0000000 1999999 2
978-961 2000000 5999999 3
978-961 6000000 8999999 4
978-961 9000000 9799999 5
978-961 9800000 9999999 0
978-962 0000000 1999999 2
978-962 2000000 6999999 3
978-962 7000000 8499999 4
978-962 8500000 8699999 5
978-962 8700000 8999999 4
978-962 9000000 9999999 3
978-963 0000000 1999999 2
978-963 2000000 6999999 3
978-963 7000000 8499999 4
978-963 8500000 8999999 5
978-963 9000000 9999999 4
978-964 0000000 1499999 2
978-964 1500000 2499999 3
978-964 2500000 2999999 4
978-964 3000000 5499999 3
978-964 5500000 8999999 4
978-964 9000000 9699999 5
978-964 9700000 9899999 3
978-964 9900000 9999999 4
978-965 0000000 1999999 2
978-965 2000000 5999999 3
978-965 6000000 6999999 0
978-965 7000000 7999999 4
978-965 8000000 8999999 0
978-965 9000000 9999999 5
978-966 0000000 1299999 2
978-966 1300000 1399999 3
978-966 1400000 1499999 2
978-966 1500000 1699999 4
978-966 1700000 1999999 3
978-966 2000000 2789999 4
978-966 2790000 2899999 3
978-966 2900000 2999999 4
978-966 3000000 6999999 3
978-966 7000000 8999999 4
978-966 9000000 9099999 5
978-966 9100000 9499999 3
978-966 9500000 9799999 5
978-966 9800000 9999999 3
978-967 0000000 0999999 4
978-967 1000000 1999999 5
978-967 2000000 2499999 4
978-967 2500000 2549999 3
978-967 2550000 2699999 5
978-967 2700000 2799999 4
978-967 2800000 2999999 4
978-967 3000000 4999999 3
978-967 5000000 5999999 4
978-967 6000000 8999999 2
978-967 9000000 9899999 3
978-967 9900000 9989999 4
978-967 9990000 9999999 5
978-968 0100000 3999999 2
978-968 4000000 4999999 3
978-968 5000000 7999999 4
978-968 8000000 8999999 3
978-968 9000000 9999999 4
978-969 0000000 1999999 1
978-969 2000000 2099999 2
978-969 2100000 2199999 3
978-969 2200000 2299999 4
978-969 2300000 2399999 5
978-969 2400000 3999999 2
978-969 4000000 7499999 3
978-969 7500000 9999999 4
978-970 0100000 5999999 2
978-970 6000000 8999999 3
978-970 9000000 9099999 4
978-970 9100000 9699999 5
978-970 9700000 9999999 4
978-971 0000000 0159999 3
978-971 0160000 0199999 4
978-971 0200000 0299999 2
978-971 0300000 0599999 4
978-971 0600000 4999999 2
978-971 5000000 8499999 3
978-971 8500000 9099999 4
978-971 9100000 9599999 5
978-971 9600000 9699999 4
978-971 9700000 9899999 2
978-971 9900000 9999999 4
978-972 0000000 1999999 1
978-972 2000000 5499999 2
978-972 5500000 7999999 3
978-972 8000000 9499999 4
978-972 9500000 9999999 5
978-973 0000000 0999999 1
978-973 1000000 1699999 3
978-973 1700000 1999999 4
978-973 2000000 5499999 2
978-973 5500000 7599999 3
978-973 7600000 8499999 4
978-973 8500000 8899999 5
978-973 8900000 9499999 4
978-973 9500000 9999999 5
978-974 0000000 1999999 2
978-974 2000000 6999999 3
978-974 7000000 8499999 4
978-974 8500000 8999999 5
978-974 9000000 9499999 5
978-974 9500000 9999999 4
978-975 0000000 0199999 5
978-975 0200000 2399999 2
978-975 2400000 2499999 4
978-975 2500000 5999999 3
978-975 6000000 9199999 4
978-975 9200000 9899999 5
978-975 9900000 9999999 3
978-976 0000000 3999999 1
978-976 4000000 5999999 2
978-976 6000000 7999999 3
978-976 8000000 9499999 4
978-976 9500000 9999999 5
978-977 0000000 1999999 2
978-977 2000000 4999999 3
978-977 5000000 6999999 4
978-977 7000000 8499999 3
978-977 8500000 8739999 5
978-977 8740000 8899999 4
978-977 8900000 8949999 3
978-977 8950000 8999999 4
978-977 9000000 9599999 2
978-977 9600000 9699999 4
978-977 9700000 9999999 3
978-978 0000000 1999999 3
978-978 2000000 2999999 4
978-978 3000000 6799999 5
978-978 6800000 6899999 2
978-978 6900000 6999999 3
978-978 7000000 7649999 0
978-978 7650000 7999999 3
978-978 8000000 8999999 4
978-978 9000000 9999999 3
978-979 0000000 0999999 3
978-979 1000000 1499999 4
978-979 1500000 1999999 5
978-979 2000000 2999999 2
978-979 3000000 3999999 4
978-979 4000000 7999999 3
978-979 8000000 9499999 4
978-979 9500000 9999999 5
978-980 0000000 1999999 2
978-980 2000000 5999999 3
978-980 6000000 9999999 4
978-981 0000000 1699999 2
978-981 1700000 1799999 5
978-981 1800000 1999999 2
978-981 2000000 2999999 3
978-981 3000000 3099999 4
978-981 3100000 3999999 3
978-981 4000000 5999999 4
978-981 6000000 9199999 0
978-981 9200000 9999999 2
978-982 0000000 0999999 2
978-982 1000000 6999999 3
978-982 7000000 8999999 2
978-982 9000000 9799999 4
978-982 9800000 9999999 5
978-983 0000000 0199999 2
978-983 0200000 1999999 3
978-983 2000000 3999999 4
978-983 4000000 4499999 5
978-983 4500000 4999999 2
978-983 5000000 7999999 2
978-983 8000000 8999999 3
978-983 9000000 9899999 4
978-983 9900000 9999999 5
978-984 0000000 2199999 2
978-984 2200000 2249999 3
978-984 2250000 2599999 4
978-984 2600000 2899999 2
978-984 2900000 2999999 5
978-984 3000000 3899999 2
978-984 3900000 3999999 4
978-984 4000000 7999999 3
978-984 8000000 8999999 4
978-984 9000000 9999999 5
978-985 0000000 3999999 2
978-985 4000000 5999999 3
978-985 6000000 8799999 4
978-985 8800000 8999999 3
978-985 9000000 9999999 5
978-986 0000000 0599999 2
978-986 0600000 0699999 5
978-986 0700000 0799999 4
978-986 0800000 1199999 2
978-986 1200000 5399999 3
978-986 5400000 7999999 4
978-986 8000000 9999999 5
978-987 0000000 0999999 2
978-987 1000000 1999999 4
978-987 2000000 2999999 5
978-987 3000000 3599999 2
978-987 3600000 4199999 4
978-987 4200000 4399999 2
978-987 4400000 4499999 4
978-987 4500000 4899999 5
978-987 4900000 4999999 4
978-987 5000000 8249999 3
978-987 8250000 8279999 4
978-987 8280000 8299999 5
978-987 8300000 8499999 4
978-987 8500000 8899999 2
978-987 8900000 9499999 4
978-987 9500000 9999999 5
978-988 0000000 1199999 2
978-988 1200000 1999999 5
978-988 2000000 6999999 3
978-988 7000000 7999999 5
978-988 8000000 9699999 4
978-988 9700000 9999999 5
978-989 0000000 0999999 1
978-989 1000000 1999999 0
978-989 2000000 3499999 2
978-989 3500000 3699999 5
978-989 3700000 4899999 2
978-989 4900000 4999999 5
978-989 5000000 5299999 2
978-989 5300000 5499999 5
978-989 5500000 7999999 3
978-989 8000000 9499999 4
978-989 9500000 9999999 5
978-9905 0000000 0999999 1
978-9905 1000000 1999999 0
978-9905 2000000 2399999 2
978-9905 2400000 5999999 0
978-9905 6000000 6249999 3
978-9905 6250000 9899999 0
978-9905 9900000 9999999 4
978-9906 0000000 1999999 0
978-9906 2000000 2299999 2
978-9906 2300000 6999999 0
978-9906 7000000 7249999 3
978-9906 7250000 9899999 0
978-9906 9900000 9999999 4
978-9907 0000000 0999999 1
978-9907 1000000 4999999 0
978-9907 5000000 6499999 2
978-9907 6500000 7999999 0
978-9907 8000000 8749999 3
978-9907 8750000 9499999 0
978-9907 9500000 9999999 4
978-9908 0000000 3999999 1
978-9908 4000000 6999999 2
978-9908 7000000 8249999 0
978-9908 8250000 8999999 3
978-9908 9000000 9699999 0
978-9908 9700000 9999999 4
978-9909 0000000 1999999 2
978-9909 2000000 7499999 0
978-9909 7500000 8499999 3
978-9909 8500000 9799999 0
978-9909 9800000 9999999 4
978-9910 0000000 0099999 0
978-9910 0100000 1899999 2
978-9910 1900000 2249999 0
978-9910 2250000 3749999 3
978-9910 3750000 4999999 0
978-9910 5000000 5499999 4
978-9910 5500000 7999999 3
978-9910 8000000 9999999 4
978-9911 0000000 1999999 0
978-9911 2000000 2499999 2
978-9911 2500000 5499999 0
978-9911 5500000 7499999 3
978-9911 7500000 9499999 0
978-9911 9500000 9999999 4
978-9912 0000000 3999999 0
978-9912 4000000 4499999 2
978-9912 4500000 7499999 0
978-9912 7500000 7999999 3
978-9912 8000000 9799999 0
978-9912 9800000 9999999 4
978-9913 0000000 0999999 2
978-9913 1000000 5999999 0
978-9913 6000000 7099999 3
978-9913 7100000 9499999 0
978-9913 9500000 9999999 4
978-9914 0000000 2699999 0
978-9914 2700000 5599999 2
978-9914 5600000 6999999 0
978-9914 7000000 7999999 3
978-9914 8000000 9199999 0
978-9914 9200000 9999999 4
978-9915 0000000 3999999 0
978-9915 4000000 5999999 2
978-9915 6000000 6499999 0
978-9915 6500000 7999999 3
978-9915 8000000 9299999 0
978-9915 9300000 9999999 4
978-9916 0000000 0999999 1
978-9916 1000000 3999999 2
978-9916 4000000 5999999 1
978-9916 6000000 7899999 3
978-9916 7900000 9199999 2
978-9916 9200000 9399999 4
978-9916 9400000 9499999 2
978-9916 9500000 9999999 4
978-9917 0000000 0999999 1
978-9917 1000000 2999999 0
978-9917 3000000 3499999 2
978-9917 3500000 5999999 0
978-9917 6000000 6999999 3
978-9917 7000000 9624999 0
978-9917 9625000 9999999 4
978-9918 0000000 0999999 1
978-9918 1000000 1999999 0
978-9918 2000000 2999999 2
978-9918 3000000 5999999 0
978-9918 6000000 7999999 3
978-9918 8000000 9499999 0
978-9918 9500000 9999999 4
978-9919 0000000 0999999 1
978-9919 1000000 1999999 0
978-9919 2000000 2999999 2
978-9919 3000000 4999999 0
978-9919 5000000 5999999 3
978-9919 6000000 8999999 0
978-9919 9000000 9999999 4
978-9920 0000000 0299999 2
978-9920 0300000 1299999 0
978-9920 1300000 1999999 3
978-9920 2000000 2299999 3
978-9920 2300000 4299999 2
978-9920 4300000 7999999 3
978-9920 8000000 8299999 0
978-9920 8300000 8549999 4
978-9920 8550000 9999999 4
978-9921 0000000 0999999 1
978-9921 1000000 2999999 0
978-9921 3000000 3999999 2
978-9921 4000000 6999999 0
978-9921 7000000 8999999 3
978-9921 9000000 9699999 0
978-9921 9700000 9999999 4
978-9922 0000000 1999999 0
978-9922 2000000 2999999 2
978-9922 3000000 5499999 0
978-9922 5500000 5999999 4
978-9922 6000000 7999999 3
978-9922 8000000 9999999 4
978-9923 0000000 0999999 1
978-9923 1000000 6999999 2
978-9923 7000000 8999999 3
978-9923 9000000 9399999 0
978-9923 9400000 9999999 4
978-9924 0000000 2799999 0
978-9924 2800000 3999999 2
978-9924 4000000 4999999 0
978-9924 5000000 6599999 3
978-9924 6600000 8949999 0
978-9924 8950000 9999999 4
978-9925 0000000 2999999 1
978-9925 3000000 5499999 2
978-9925 5500000 7349999 3
978-9925 7350000 9999999 4
978-9926 0000000 1999999 1
978-9926 2000000 3999999 2
978-9926 4000000 7999999 3
978-9926 8000000 9999999 4
978-9927 0000000 0999999 2
978-9927 1000000 3999999 3
978-9927 4000000 4999999 4
978-9927 5000000 9999999 0
978-9928 0000000 0999999 2
978-9928 1000000 3999999 3
978-9928 4000000 4999999 4
978-9928 5000000 7999999 0
978-9928 8000000 8999999 3
978-9928 9000000 9999999 2
978-9929 0000000 3999999 1
978-9929 4000000 5499999 2
978-9929 5500000 7999999 3
978-9929 8000000 9799999 4
978-9929 9800000 9999999 3
978-9930 0000000 4999999 2
978-9930 5000000 9399999 3
978-9930 9400000 9999999 4
978-9931 0000000 2399999 2
978-9931 2400000 8999999 3
978-9931 9000000 9999999 4
978-9932 0000000 3999999 2
978-9932 4000000 8499999 3
978-9932 8500000 9999999 4
978-9933 0000000 0999999 1
978-9933 1000000 3999999 2
978-9933 4000000 8699999 3
978-9933 8700000 8999999 2
978-9933 9000000 9999999 4
978-9934 0000000 0999999 1
978-9934 1000000 4999999 2
978-9934 5000000 7999999 3
978-9934 8000000 9999999 4
978-9935 0000000 0999999 1
978-9935 1000000 3999999 2
978-9935 4000000 8999999 3
978-9935 9000000 9999999 4
978-9936 0000000 1999999 1
978-9936 2000000 3999999 2
978-9936 4000000 7999999 3
978-9936 8000000 9999999 4
978-9937 0000000 2999999 1
978-9937 3000000 4999999 2
978-9937 5000000 7999999 3
978-9937 8000000 9999999 4
978-9938 0000000 7999999 2
978-9938 8000000 9499999 3
978-9938 9500000 9749999 4
978-9938 9750000 9909999 3
978-9938 9910000 9999999 4
978-9939 0000000 3999999 1
978-9939 4000000 4799999 2
978-9939 4800000 4999999 3
978-9939 5000000 7999999 2
978-9939 8000000 8999999 3
978-9939 9000000 9599999 4
978-9939 9600000 9799999 3
978-9939 9800000 9999999 2
978-9940 0000000 1999999 1
978-9940 2000000 4999999 2
978-9940 5000000 8399999 3
978-9940 8400000 8699999 2
978-9940 8700000 9999999 4
978-9941 0000000 0999999 1
978-9941 1000000 3999999 2
978-9941 4000000 7899999 3
978-9941 7900000 7999999 4
978-9941 8000000 8999999 1
978-9941 9000000 9999999 4
978-9942 0000000 5599999 2
978-9942 5600000 6999999 3
978-9942 7000000 7499999 4
978-9942 7500000 8499999 3
978-9942 8500000 8999999 4
978-9942 9000000 9849999 3
978-9942 9850000 9999999 4
978-9943 0000000 2999999 2
978-9943 3000000 3999999 3
978-9943 4000000 9749999 4
978-9943 9750000 9999999 3
978-9944 0000000 0999999 4
978-9944 1000000 4999999 3
978-9944 5000000 5999999 4
978-9944 6000000 6999999 2
978-9944 7000000 7999999 3
978-9944 8000000 8999999 2
978-9944 9000000 9999999 3
978-9945 0000000 0099999 2
978-9945 0100000 0799999 3
978-9945 0800000 3999999 2
978-9945 4000000 5699999 3
978-9945 5700000 5799999 2
978-9945 5800000 7999999 3
978-9945 8000000 8099999 2
978-9945 8100000 8499999 3
978-9945 8500000 9999999 4
978-9946 0000000 1999999 1
978-9946 2000000 3999999 2
978-9946 4000000 8999999 3
978-9946 9000000 9999999 4
978-9947 0000000 1999999 1
978-9947 2000000 7999999 2
978-9947 8000000 9999999 3
978-9948 0000000 3999999 2
978-9948 4000000 8499999 3
978-9948 8500000 9999999 4
978-9949 0000000 0899999 2
978-9949 0900000 0999999 3
978-9949 1000000 3999999 2
978-9949 4000000 6999999 3
978-9949 7000000 7199999 2
978-9949 7200000 7499999 4
978-9949 7500000 8999999 2
978-9949 9000000 9999999 4
978-9950 0000000 2999999 2
978-9950 3000000 8499999 3
978-9950 8500000 9999999 4
978-9951 0000000 3899999 2
978-9951 3900000 8499999 3
978-9951 8500000 9799999 4
978-9951 9800000 9999999 3
978-9952 0000000 0999999 1
978-9952 1000000 1499999 0
978-9952 1500000 3999999 2
978-9952 4000000 7999999 3
978-9952 8000000 9999999 4
978-9953 0000000 0999999 1
978-9953 1000000 3999999 2
978-9953 4000000 5999999 3
978-9953 6000000 8999999 2
978-9953 9000000 9299999 4
978-9953 9300000 9699999 2
978-9953 9700000 9999999 3
978-9954 0000000 1999999 1
978-9954 2000000 3999999 2
978-9954 4000000 7999999 3
978-9954 8000000 9899999 4
978-9954 9900000 9999999 2
978-9955 0000000 3999999 2
978-9955 4000000 9299999 3
978-9955 9300000 9999999 4
978-9956 0000000 0999999 1
978-9956 1000000 3999999 2
978-9956 4000000 8999999 3
978-9956 9000000 9999999 4
978-9957 0000000 3999999 2
978-9957 4000000 6499999 3
978-9957 6500000 6799999 2
978-9957 6800000 6999999 3
978-9957 7000000 8499999 2
978-9957 8500000 8799999 4
978-9957 8800000 9999999 2
978-9958 0000000 0199999 2
978-9958 0200000 0299999 3
978-9958 0300000 0399999 4
978-9958 0400000 0899999 3
978-9958 0900000 0999999 4
978-9958 1000000 1899999 2
978-9958 1900000 1999999 4
978-9958 2000000 4999999 2
978-9958 5000000 8999999 3
978-9958 9000000 9999999 4
978-9959 0000000 1999999 1
978-9959 2000000 7999999 2
978-9959 8000000 9499999 3
978-9959 9500000 9699999 4
978-9959 9700000 9799999 3
978-9959 9800000 9999999 2
978-9960 0000000 5999999 2
978-9960 6000000 8999999 3
978-9960 9000000 9999999 4
978-9961 0000000 2999999 1
978-9961 3000000 6999999 2
978-9961 7000000 9499999 3
978-9961 9500000 9999999 4
978-9962 0000000 5499999 2
978-9962 5500000 5599999 4
978-9962 5600000 5999999 2
978-9962 6000000 8499999 3
978-9962 8500000 9999999 4
978-9963 0000000 1999999 1
978-9963 2000000 2499999 4
978-9963 2500000 2799999 3
978-9963 2800000 2999999 4
978-9963 3000000 5499999 2
978-9963 5500000 7349999 3
978-9963 7350000 7499999 4
978-9963 7500000 9999999 4
978-9964 0000000 6999999 1
978-9964 7000000 9499999 2
978-9964 9500000 9999999 3
978-9965 0000000 3999999 2
978-9965 4000000 8999999 3
978-9965 9000000 9999999 4
978-9966 0000000 1399999 3
978-9966 1400000 1499999 2
978-9966 1500000 1999999 4
978-9966 2000000 6999999 2
978-9966 7000000 7499999 4
978-9966 7500000 8209999 3
978-9966 8210000 8249999 4
978-9966 8250000 8259999 3
978-9966 8260000 8289999 4
978-9966 8290000 9599999 3
978-9966 9600000 9999999 4
978-9967 0000000 3999999 2
978-9967 4000000 8999999 3
978-9967 9000000 9999999 4
978-9968 0000000 4999999 2
978-9968 5000000 9399999 3
978-9968 9400000 9999999 4
978-9969 0000000 1999999 2
978-9969 2000000 4999999 0
978-9969 5000000 7499999 3
978-9969 7500000 9299999 0
978-9969 9300000 9999999 4
978-9970 0000000 3999999 2
978-9970 4000000 8999999 3
978-9970 9000000 9999999 4
978-9971 0000000 5999999 1
978-9971 6000000 8999999 2
978-9971 9000000 9899999 3
978-9971 9900000 9999999 4
978-9972 0000000 0999999 2
978-9972 1000000 1999999 1
978-9972 2000000 2499999 3
978-9972 2500000 2999999 4
978-9972 3000000 5999999 2
978-9972 6000000 8999999 3
978-9972 9000000 9999999 4
978-9973 0000000 0599999 2
978-9973 0600000 0899999 3
978-9973 0900000 0999999 4
978-9973 1000000 6999999 2
978-9973 7000000 9699999 3
978-9973 9700000 9999999 4
978-9974 0000000 2999999 1
978-9974 3000000 5499999 2
978-9974 5500000 7499999 3
978-9974 7500000 8799999 4
978-9974 8800000 9099999 3
978-9974 9100000 9499999 2
978-9974 9500000 9999999 2
978-9975 0000000 0999999 1
978-9975 1000000 2999999 3
978-9975 3000000 3999999 4
978-9975 4000000 4499999 4
978-9975 4500000 8999999 2
978-9975 9000000 9499999 3
978-9975 9500000 9999999 4
978-9976 0000000 4999999 1
978-9976 5000000 5799999 4
978-9976 5800000 5899999 3
978-9976 5900000 8999999 2
978-9976 9000000 9899999 3
978-9976 9900000 9999999 4
978-9977 0000000 8999999 2
978-9977 9000000 9899999 3
978-9977 9900000 9999999 4
978-9978 0000000 2999999 2
978-9978 3000000 3999999 3
978-9978 4000000 9499999 2
978-9978 9500000 9899999 3
978-9978 9900000 9999999 4
978-9979 0000000 4999999 1
978-9979 5000000 6499999 2
978-9979 6500000 6599999 3
978-9979 6600000 7599999 2
978-9979 7600000 8999999 3
978-9979 9000000 9999999 4
978-9980 0000000 3999999 1
978-9980 4000000 8999999 2
978-9980 9000000 9899999 3
978-9980 9900000 9999999 4
978-9981 0000000 0999999 2
978-9981 1000000 1599999 3
978-9981 1600000 1999999 4
978-9981 2000000 7999999 2
978-9981 8000000 9499999 3
978-9981 9500000 9999999 4
978-9982 0000000 7999999 2
978-9982 8000000 9899999 3
978-9982 9900000 9999999 4
978-9983 0000000 7999999 0
978-9983 8000000 9499999 2
978-9983 9500000 9899999 3
978-9983 9900000 9999999 4
978-9984 0000000 4999999 2
978-9984 5000000 8999999 3
978-9984 9000000 9999999 4
978-9985 0000000 4999999 1
978-9985 5000000 7999999 2
978-9985 8000000 8999999 3
978-9985 9000000 9999999 4
978-9986 0000000 3999999 2
978-9986 4000000 8999999 3
978-9986 9000000 9399999 4
978-9986 9400000 9699999 3
978-9986 9700000 9999999 2
978-9987 0000000 3999999 2
978-9987 4000000 8799999 3
978-9987 8800000 9999999 4
978-9988 0000000 3999999 1
978-9988 4000000 5499999 2
978-9988 5500000 7499999 3
978-9988 7500000 9999999 4
978-9989 0000000 0999999 1
978-9989 1000000 1999999 3
978-9989 2000000 2999999 4
978-9989 3000000 5999999 2
978-9989 6000000 9499999 3
978-9989 9500000 9999999 4
978-99901 0000000 4999999 2
978-99901 5000000 7999999 3
978-99901 8000000 9999999 2
978-99902 0000000 9999999 0
978-99903 0000000 1999999 1
978-99903 2000000 8999999 2
978-99903 9000000 9999999 3
978-99904 0000000 5999999 1
978-99904 6000000 8999999 2
978-99904 9000000 9999999 3
978-99905 0000000 3999999 1
978-99905 4000000 7999999 2
978-99905 8000000 9999999 3
978-99906 0000000 2999999 1
978-99906 3000000 5999999 2
978-99906 6000000 6999999 3
978-99906 7000000 8999999 2
978-99906 9000000 9499999 2
978-99906 9500000 9999999 3
978-99908 0000000 0999999 1
978-99908 1000000 8999999 2
978-99908 9000000 9999999 3
978-99909 0000000 3999999 1
978-99909 4000000 9499999 2
978-99909 9500000 9999999 3
978-99910 0000000 2999999 1
978-99910 3000000 8999999 2
978-99910 9000000 9999999 3
978-99911 0000000 5999999 2
978-99911 6000000 9999999 3
978-99912 0000000 3999999 1
978-99912 4000000 5999999 3
978-99912 6000000 8999999 2
978-99912 9000000 9999999 3
978-99913 0000000 2999999 1
978-99913 3000000 3599999 2
978-99913 3600000 5999999 0
978-99913 6000000 6049999 3
978-99913 6050000 9999999 0
978-99914 0000000 4999999 1
978-99914 5000000 6999999 2
978-99914 7000000 7999999 1
978-99914 8000000 8699999 2
978-99914 8700000 8799999 3
978-99914 8800000 8999999 2
978-99914 9000000 9999999 3
978-99915 0000000 4999999 1
978-99915 5000000 7999999 2
978-99915 8000000 9999999 3
978-99916 0000000 2999999 1
978-99916 3000000 6999999 2
978-99916 7000000 9999999 3
978-99917 0000000 2999999 1
978-99917 3000000 8899999 2
978-99917 8900000 9999999 3
978-99918 0000000 3999999 1
978-99918 4000000 7999999 2
978-99918 8000000 9999999 3
978-99919 0000000 2999999 1
978-99919 3000000 3999999 3
978-99919 4000000 7999999 2
978-99919 8000000 9999999 3
978-99920 0000000 4999999 1
978-99920 5000000 8999999 2
978-99920 9000000 9999999 3
978-99921 0000000 1999999 1
978-99921 2000000 6999999 2
978-99921 7000000 7999999 3
978-99921 8000000 8999999 1
978-99921 9000000 9999999 2
978-99922 0000000 3999999 1
978-99922 4000000 6999999 2
978-99922 7000000 9999999 3
978-99923 0000000 1999999 1
978-99923 2000000 7999999 2
978-99923 8000000 9999999 3
978-99924 0000000 1999999 1
978-99924 2000000 7999999 2
978-99924 8000000 9999999 3
978-99925 0000000 0999999 1
978-99925 1000000 1999999 2
978-99925 2000000 2999999 3
978-99925 3000000 3999999 1
978-99925 4000000 7999999 2
978-99925 8000000 9999999 3
978-99926 0000000 0999999 1
978-99926 1000000 5999999 2
978-99926 6000000 8699999 3
978-99926 8700000 8999999 2
978-99926 9000000 9999999 2
978-99927 0000000 2999999 1
978-99927 3000000 5999999 2
978-99927 6000000 9999999 3
978-99928 0000000 0999999 1
978-99928 1000000 7999999 2
978-99928 8000000 9999999 3
978-99929 0000000 4999999 1
978-99929 5000000 7999999 2
978-99929 8000000 9999999 3
978-99930 0000000 4999999 1
978-99930 5000000 7999999 2
978-99930 8000000 9999999 3
978-99931 0000000 4999999 1
978-99931 5000000 7999999 2
978-99931 8000000 9999999 3
978-99932 0000000 0999999 1
978-99932 1000000 5999999 2
978-99932 6000000 6999999 3
978-99932 7000000 7999999 1
978-99932 8000000 9999999 2
978-99933 0000000 2999999 1
978-99933 3000000 5999999 2
978-99933 6000000 9999999 3
978-99934 0000000 1999999 1
978-99934 2000000 7999999 2
978-99934 8000000 9999999 3
978-99935 0000000 2999999 1
978-99935 3000000 5999999 2
978-99935 6000000 6999999 3
978-99935 7000000 8999999 1
978-99935 9000000 9999999 2
978-99936 0000000 0999999 1
978-99936 1000000 5999999 2
978-99936 6000000 9999999 3
978-99937 0000000 1999999 1
978-99937 2000000 5999999 2
978-99937 6000000 9999999 3
978-99938 0000000 1999999 1
978-99938 2000000 5999999 2
978-99938 6000000 8999999 3
978-99938 9000000 9999999 2
978-99939 0000000 2999999 1
978-99939 3000000 5999999 2
978-99939 6000000 8999999 2
978-99939 9000000 9999999 3
978-99940 0000000 0999999 1
978-99940 1000000 6999999 2
978-99940 7000000 9999999 3
978-99941 0000000 2999999 1
978-99941 3000000 7999999 2
978-99941 8000000 9999999 3
978-99942 0000000 4999999 1
978-99942 5000000 7999999 2
978-99942 8000000 9999999 3
978-99943 0000000 2999999 1
978-99943 3000000 5999999 2
978-99943 6000000 9999999 3
978-99944 0000000 4999999 1
978-99944 5000000 7999999 2
978-99944 8000000 9999999 3
978-99945 0000000 4999999 1
978-99945 5000000 8999999 2
978-99945 9000000 9799999 3
978-99945 9800000 9999999 2
978-99946 0000000 2999999 1
978-99946 3000000 5999999 2
978-99946 6000000 9999999 3
978-99947 0000000 2999999 1
978-99947 3000000 6999999 2
978-99947 7000000 9999999 3
978-99948 0000000 4999999 1
978-99948 5000000 7999999 2
978-99948 8000000 9999999 3
978-99949 0000000 1999999 1
978-99949 2000000 7999999 2
978-99949 8000000 8999999 1
978-99949 9000000 9899999 3
978-99949 9900000 9999999 2
978-99950 0000000 4999999 1
978-99950 5000000 7999999 2
978-99950 8000000 9999999 3
978-99951 0000000 9999999 0
978-99952 0000000 4999999 1
978-99952 5000000 7999999 2
978-99952 8000000 9999999 3
978-99953 0000000 2999999 1
978-99953 3000000 7999999 2
978-99953 8000000 9399999 3
978-99953 9400000 9999999 2
978-99954 0000000 2999999 1
978-99954 3000000 6999999 2
978-99954 7000000 8799999 3
978-99954 8800000 9999999 2
978-99955 0000000 1999999 1
978-99955 2000000 5999999 2
978-99955 6000000 7999999 3
978-99955 8000000 9999999 2
978-99956 0000000 5999999 2
978-99956 6000000 8599999 3
978-99956 8600000 9999999 2
978-99957 0000000 1999999 1
978-99957 2000000 7999999 2
978-99957 8000000 9499999 3
978-99957 9500000 9999999 2
978-99958 0000000 4999999 1
978-99958 5000000 9399999 2
978-99958 9400000 9499999 3
978-99958 9500000 9999999 3
978-99959 0000000 2999999 1
978-99959 3000000 5999999 2
978-99959 6000000 9999999 3
978-99960 0000000 0699999 0
978-99960 0700000 0999999 3
978-99960 1000000 9499999 2
978-99960 9500000 9999999 3
978-99961 0000000 2999999 1
978-99961 3000000 3699999 3
978-99961 3700000 8999999 2
978-99961 9000000 9999999 3
978-99962 0000000 4999999 1
978-99962 5000000 7999999 2
978-99962 8000000 9999999 3
978-99963 0000000 4999999 2
978-99963 5000000 9199999 3
978-99963 9200000 9999999 2
978-99964 0000000 1999999 1
978-99964 2000000 7999999 2
978-99964 8000000 9999999 3
978-99965 0000000 2999999 1
978-99965 3000000 3599999 3
978-99965 3600000 6299999 2
978-99965 6300000 9999999 3
978-99966 0000000 2999999 1
978-99966 3000000 6999999 2
978-99966 7000000 7999999 3
978-99966 8000000 9699999 2
978-99966 9700000 9999999 3
978-99967 0000000 0999999 1
978-99967 1000000 5999999 2
978-99967 6000000 9999999 3
978-99968 0000000 3999999 1
978-99968 4000000 5999999 3
978-99968 6000000 8999999 2
978-99968 9000000 9999999 3
978-99969 0000000 4999999 1
978-99969 5000000 7999999 2
978-99969 8000000 9499999 3
978-99969 9500000 9999999 2
978-99970 0000000 4999999 1
978-99970 5000000 8999999 2
978-99970 9000000 9999999 3
978-99971 0000000 3999999 1
978-99971 4000000 8499999 2
978-99971 8500000 9999999 3
978-99972 0000000 4999999 1
978-99972 5000000 8999999 2
978-99972 9000000 9999999 3
978-99973 0000000 3999999 1
978-99973 4000000 7999999 2
978-99973 8000000 9999999 3
978-99974 0000000 0999999 1
978-99974 1000000 2599999 2
978-99974 2600000 3999999 3
978-99974 4000000 6399999 2
978-99974 6400000 6499999 3
978-99974 6500000 7999999 2
978-99974 8000000 9999999 3
978-99975 0000000 2999999 1
978-99975 3000000 3999999 3
978-99975 4000000 7999999 2
978-99975 8000000 9999999 3
978-99976 0000000 0399999 2
978-99976 0400000 0999999 3
978-99976 1000000 1599999 2
978-99976 1600000 1999999 3
978-99976 2000000 5999999 2
978-99976 6000000 8199999 3
978-99976 8200000 8999999 2
978-99976 9000000 9999999 3
978-99977 0000000 1999999 1
978-99977 2000000 3999999 0
978-99977 4000000 6999999 2
978-99977 7000000 7999999 3
978-99977 8000000 8999999 0
978-99977 9000000 9249999 3
978-99977 9250000 9749999 0
978-99977 9750000 9999999 3
978-99978 0000000 4999999 1
978-99978 5000000 6999999 2
978-99978 7000000 9999999 3
978-99979 0000000 3999999 1
978-99979 4000000 7999999 2
978-99979 8000000 9999999 3
978-99980 0000000 0999999 1
978-99980 1000000 2499999 0
978-99980 2500000 6499999 2
978-99980 6500000 6699999 0
978-99980 6700000 9999999 3
978-99981 0000000 0999999 1
978-99981 1000000 1099999 2
978-99981 1100000 1499999 3
978-99981 1500000 1999999 2
978-99981 2000000 2199999 3
978-99981 2200000 7499999 2
978-99981 7500000 9999999 3
978-99982 0000000 4999999 1
978-99982 5000000 7999999 2
978-99982 8000000 8449999 0
978-99982 8450000 9999999 3
978-99983 0000000 0999999 1
978-99983 1000000 3499999 0
978-99983 3500000 6999999 2
978-99983 7000000 8499999 0
978-99983 8500000 9999999 3
978-99984 0000000 0999999 1
978-99984 1000000 4999999 0
978-99984 5000000 6999999 2
978-99984 7000000 9499999 0
978-99984 9500000 9999999 3
978-99985 0000000 1999999 1
978-99985 2000000 2299999 3
978-99985 2300000 7999999 2
978-99985 8000000 9999999 3
978-99986 0000000 0999999 1
978-99986 1000000 4999999 0
978-99986 5000000 6999999 2
978-99986 7000000 9499999 0
978-99986 9500000 9999999 3
978-99987 0000000 5499999 0
978-99987 5500000 9999999 3
978-99988 0000000 0999999 1
978-99988 1000000 1099999 2
978-99988 1100000 4999999 0
978-99988 5000000 5499999 2
978-99988 5500000 7999999 0
978-99988 8000000 8249999 3
978-99988 8250000 9999999 0
978-99989 0000000 1999999 1
978-99989 2000000 4999999 0
978-99989 5000000 7999999 2
978-99989 8000000 8999999 0
978-99989 9000000 9999999 3
978-99990 0000000 1999999 1
978-99990 2000000 4499999 0
978-99990 4500000 5799999 2
978-99990 5800000 9299999 0
978-99990 9300000 9999999 3
978-99991 0000000 0999999 1
978-99991 1000000 4999999 0
978-99991 5000000 6099999 2
978-99991 6100000 9599999 0
978-99991 9600000 9999999 3
978-99992 0000000 2999999 1
978-99992 3000000 4999999 0
978-99992 5000000 6999999 2
978-99992 7000000 8999999 0
978-99992 9000000 9999999 3
978-99993 0000000 4999999 1
978-99993 5000000 5499999 2
978-99993 5500000 9799999 0
978-99993 9800000 9999999 3
978-99994 0000000 0999999 1
978-99994 1000000 4999999 0
978-99994 5000000 5699999 2
978-99994 5700000 9599999 0
978-99994 9600000 9999999 3
978-99995 0000000 4999999 0
978-99995 5000000 5599999 2
978-99995 5600000 9749999 0
978-99995 9750000 9999999 3
978-99996 0000000 1999999 1
978-99996 2000000 3999999 0
978-99996 4000000 5999999 2
978-99996 6000000 8999999 0
978-99996 9000000 9999999 3
978-99997 0000000 0999999 1
978-99997 1000000 3999999 0
978-99997 4000000 6199999 2
978-99997 6200000 9199999 0
978-99997 9200000 9999999 3
978-99998 0000000 7999999 0
978-99998 8000000 8999999 2
978-99998 9000000 9999999 0
979-10 0000000 1999999 2
979-10 2000000 6999999 3
979-10 7000000 8999999 4
979-10 9000000 9759999 5
979-10 9760000 9999999 6
979-11 0000000 2199999 2
979-11 2200000 2299999 6
979-11 2300000 2499999 5
979-11 2500000 5499999 3
979-11 5500000 8499999 4
979-11 8500000 9499999 5
979-11 9500000 9999999 6
979-12 0000000 1999999 0
979-12 2000000 2999999 3
979-12 3000000 5449999 0
979-12 5450000 5999999 4
979-12 6000000 7999999 0
979-12 8000000 8499999 5
979-12 8500000 9849999 0
979-12 9850000 9999999 6
979-13 0000000 0099999 2
979-13 0100000 5999999 0
979-13 6000000 6049999 3
979-13 6050000 6999999 0
979-13 7000000 7349999 4
979-13 7350000 8749999 0
979-13 8750000 8999999 5
979-13 9000000 9899999 0
979-13 9900000 9999999 6
979-8 0000000 1799999 0
979-8 1800000 1949999 4
979-8 1950000 1999999 4
979-8 2000000 2399999 3
979-8 2400000 2599999 4
979-8 2600000 2799999 4
979-8 2800000 2999999 4
979-8 3000000 8849999 4
979-8 8850000 8999999 5
979-8 9000000 9099999 5
979-8 9100000 9499999 0
979-8 9500000 9699999 6
979-8 9700000 9849999 0
979-8 9850000 9929999 7
979-8 9930000 9959999 7
979-8 9960000 9984999 7
979-8 9985000 9999999 7
